1 0
1 6
1 7
1 8
1 9
2 4
2 5
2 6
2 8
3 0
3 7
4 0
4 4
4 6
4 7
4 8
4 9
5 0
5 5
5 8
6 0
6 7
6 8
7 0
7 3
7 4
7 5
7 8
7 9
8 0
8 3
8 5
8 7
8 8
8 9
9 0
9 2
9 5
9 7
9 8
9 9
10 3
10 4
10 5
10 6
10 8
11 9
12 0
12 1
12 5
12 6
12 8
13 9
14 0
14 5
14 7
15 0
15 3
15 7
15 8
15 9
16 5
16 9
17 3
17 8
17 9
18 3
18 6
19 0
19 3
19 8
20 3
20 4
20 5
20 8
20 9
21 3
21 5
21 9
22 0
22 3
22 6
22 8
23 0
23 3
23 7
23 8
23 9
24 5
24 7
24 8
25 0
25 3
25 8
26 0
26 3
26 5
26 6
26 7
26 8
26 9
27 0
27 6
27 8
27 9
28 6
28 8
28 9
29 0
29 1
29 3
29 8
29 9
30 3
30 5
30 6
30 8
30 9
31 0
31 3
31 8
31 9
32 0
32 3
32 5
32 6
32 7
32 8
32 9
33 0
34 0
34 3
34 6
34 8
34 9
35 8
36 3
36 6
36 8
36 9
37 3
37 5
37 6
37 8
37 9
38 5
38 6
38 8
38 9
39 0
39 3
39 4
39 5
39 6
39 7
39 8
39 9
40 0
40 3
40 7
40 8
41 0
41 3
41 4
41 5
41 7
41 8
41 9
42 0
42 3
42 5
43 3
43 8
44 0
44 3
44 4
44 8
44 9
45 3
45 4
45 5
45 8
45 9
46 0
46 3
46 7
47 3
47 5
47 8
48 0
48 6
48 7
48 8
49 0
49 3
49 5
49 9
50 0
50 3
50 4
50 8
50 9
51 6
51 8
51 9
52 3
52 7
53 6
53 8
53 9
54 3
54 7
54 8
54 9
55 3
55 8
55 9
56 0
56 3
56 5
56 7
56 8
57 5
57 6
57 7
57 9
58 0
58 3
58 5
58 8
59 3
59 6
59 9
60 3
60 8
60 9
61 3
61 4
61 8
62 3
62 4
62 5
63 3
63 9
64 4
64 7
65 4
65 9
66 3
66 8
66 9
67 3
67 4
67 5
67 8
68 4
68 7
68 8
68 9
69 0
69 8
69 9
70 3
70 6
70 8
70 9
71 3
71 7
71 8
71 9
72 8
73 3
73 4
73 6
73 8
74 7
74 8
75 0
75 6
76 4
76 8
76 9
77 0
77 5
77 8
77 9
